1.000000000000556000e-01
3.928525196405630027e-01
6.858275397786384175e-01
9.789251116560704347e-01
1.272145286536563447e+00
1.565488115705115924e+00
1.858953650468020413e+00
2.152541942153329835e+00
2.446253042110080322e+00
2.740087001709379244e+00
3.034043872343317183e+00
3.328123705425900525e+00
3.622326552392274301e+00
3.916652464699499347e+00
4.211101493825619713e+00
4.505673691270595249e+00
4.800369108556146180e+00
5.095187797224975945e+00
5.390129808841548353e+00
5.685195194992243017e+00
5.980384007284578196e+00
6.275696297347987951e+00
6.571132116833044989e+00
6.866691517412548684e+00
7.162374550780437055e+00
7.458181268652408491e+00
7.754111722765921755e+00
8.050165964879884228e+00
8.346344046774811787e+00
8.642646020253286210e+00
8.939071937139186019e+00
9.235621849277997342e+00
9.532295808537272208e+00
9.829093866805859392e+00
1.012601607599468068e+01
1.042306248803594926e+01
1.072023315488410589e+01
1.101752812851488628e+01
1.131494746092593928e+01
1.161249120413683222e+01
1.191015941018858015e+01
1.220795213114411837e+01
1.250586941908813365e+01
1.280391132612723837e+01
1.310207790438964182e+01
1.340036920602532078e+01
1.369878528320647249e+01
1.399732618812659091e+01
1.429599197300139934e+01
1.459478269006806528e+01
1.489369839158614184e+01
1.519273912983647534e+01
1.549190495712229421e+01
1.579119592576843090e+01
1.609061208812148180e+01
1.639015349655010922e+01
1.668982020344504846e+01
1.698961226121864598e+01
1.728952972230530705e+01
1.758957263916152058e+01
1.788974106426521971e+01
1.819003505011686883e+01
1.849045464923870696e+01
1.879099991417472282e+01
1.909167089749113089e+01
1.939246765177606946e+01
1.969339022963958286e+01
1.999443868371379907e+01
2.029561306665290488e+01
2.059691343113316719e+01
2.089833982985260974e+01
2.119989231553163123e+01
2.150157094091240850e+01
2.180337575875932288e+01
2.210530682185884999e+01
2.240736418301951716e+01
2.270954789507193539e+01
2.301185801086877802e+01
2.331429458328479853e+01
2.361685766521697261e+01
2.391954730958449815e+01
2.422236356932834411e+01
2.452530649741184732e+01
2.482837614682058458e+01
2.513157257056235494e+01
2.543489582166671426e+01
2.573834595318591312e+01
2.604192301819396960e+01
2.634562706978726965e+01
2.664945816108474830e+01
2.695341634522678831e+01
2.725750167537677271e+01
2.756171420471984490e+01
2.786605398646369025e+01
2.817052107383806003e+01
2.847511552009493840e+01
2.877983737850868806e+01
2.908468670237605025e+01
2.938966354501584277e+01
2.969476795976926553e+01
3.000000000000004974e+01
